{
    "cells": [
        {
            "cell_type": "markdown",
            "metadata": {},
            "source": [
                "# PCA from Scratch on Auto Dataset"
            ]
        },
        {
            "cell_type": "code",
            "execution_count": null,
            "metadata": {},
            "outputs": [],
            "source": [
                "import numpy as np\n",
                "import pandas as pd"
            ]
        },
        {
            "cell_type": "markdown",
            "metadata": {},
            "source": [
                "## Step 1: Load Data"
            ]
        },
        {
            "cell_type": "code",
            "execution_count": null,
            "metadata": {},
            "outputs": [],
            "source": [
                "Auto = pd.read_csv('Auto.csv')\n",
                "print(\"Original Data Head:\")\n",
                "print(Auto.head())"
            ]
        },
        {
            "cell_type": "markdown",
            "metadata": {},
            "source": [
                "## Step 2: Clean Data\n",
                "- Remove rows with missing horsepower ('?')\n",
                "- Convert horsepower to numeric\n",
                "- Drop 'name' column"
            ]
        },
        {
            "cell_type": "code",
            "execution_count": null,
            "metadata": {},
            "outputs": [],
            "source": [
                "# Remove rows with missing horsepower\n",
                "Auto = Auto[Auto['horsepower'] != '?']\n",
                "\n",
                "# Convert horsepower to numeric\n",
                "Auto['horsepower'] = pd.to_numeric(Auto['horsepower'])\n",
                "\n",
                "# Drop 'name' column\n",
                "if 'name' in Auto.columns:\n",
                "    Auto = Auto.drop(columns=['name'])\n",
                "\n",
                "print(\"Cleaned Data Shape:\", Auto.shape)\n",
                "print(\"Cleaned Data Head:\")\n",
                "print(Auto.head())"
            ]
        },
        {
            "cell_type": "markdown",
            "metadata": {},
            "source": [
                "## Step 3: Standardize Data (Mean Centering and Scaling)\n",
                "PCA is sensitive to the scale of features. We standardize the data to have mean 0 and standard deviation 1."
            ]
        },
        {
            "cell_type": "code",
            "execution_count": null,
            "metadata": {},
            "outputs": [],
            "source": [
                "X = Auto.values\n",
                "\n",
                "# Mean centering\n",
                "mean = np.mean(X, axis=0)\n",
                "X_centered = X - mean\n",
                "\n",
                "# Scaling by standard deviation\n",
                "std = np.std(X_centered, axis=0)\n",
                "std[std == 0] = 1 # Avoid division by zero\n",
                "X_scaled = X_centered / std\n",
                "\n",
                "print(\"Mean of scaled data (should be close to 0):\\n\", np.mean(X_scaled, axis=0))\n",
                "print(\"Std of scaled data (should be close to 1):\\n\", np.std(X_scaled, axis=0))"
            ]
        },
        {
            "cell_type": "markdown",
            "metadata": {},
            "source": [
                "## Step 4: Calculate Covariance Matrix\n",
                "Formula: $Cov(X) = \\frac{X^T X}{n-1}$"
            ]
        },
        {
            "cell_type": "code",
            "execution_count": null,
            "metadata": {},
            "outputs": [],
            "source": [
                "n = X_scaled.shape[0]\n",
                "cov_matrix = (X_scaled.T @ X_scaled) / (n - 1)\n",
                "\n",
                "print(\"Covariance Matrix:\")\n",
                "print(cov_matrix)"
            ]
        },
        {
            "cell_type": "markdown",
            "metadata": {},
            "source": [
                "## Step 5: Eigen Decomposition\n",
                "Calculate eigenvalues and eigenvectors of the covariance matrix."
            ]
        },
        {
            "cell_type": "code",
            "execution_count": 19,
            "metadata": {},
            "outputs": [
                {
                    "name": "stdout",
                    "output_type": "stream",
                    "text": [
                        "Eigenvalues (unsorted):\n",
                        " [5.38962134 0.94607672 0.81371946 0.4873993  0.18329415 0.11461431\n",
                        " 0.0320513  0.05368377]\n",
                        "Eigenvectors (unsorted):\n",
                        " [[-0.38586239  0.07663269  0.29228579  0.09998251 -0.74036644  0.38735165\n",
                        "   0.1151321   0.19588516]\n",
                        " [ 0.4023885   0.13842878  0.07223935 -0.21603551 -0.48261485 -0.53092548\n",
                        "   0.41774679 -0.27878265]\n",
                        " [ 0.41644435  0.12632499  0.07423622 -0.13581398 -0.30331627 -0.00699705\n",
                        "  -0.82916553  0.08422855]\n",
                        " [ 0.40183594 -0.11148007  0.23605571 -0.11971643  0.08426839  0.6667096\n",
                        "   0.13477548 -0.53504996]\n",
                        " [ 0.40157579  0.21102    -0.00089399 -0.32246785  0.13127292  0.23585961\n",
                        "   0.30991105  0.72202073]\n",
                        " [-0.2647309   0.41690206 -0.63943514 -0.49280794 -0.09773197  0.20293343\n",
                        "  -0.03518826 -0.22891382]\n",
                        " [-0.21386777  0.6904632   0.5871892  -0.10601968  0.30134385 -0.11002592\n",
                        "  -0.0542884  -0.12501506]\n",
                        " [-0.27786815 -0.50150064  0.30732382 -0.74328281  0.04739508 -0.12086663\n",
                        "  -0.07951102  0.0345266 ]]\n"
                    ]
                }
            ],
            "source": [
                "eigenvalues, eigenvectors = np.linalg.eig(cov_matrix)\n",
                "\n",
                "print(\"Eigenvalues (unsorted):\\n\", eigenvalues)\n",
                "print(\"Eigenvectors (unsorted):\\n\", eigenvectors)"
            ]
        },
        {
            "cell_type": "markdown",
            "metadata": {},
            "source": [
                "## Step 5.5: Eigen Decomposition (Pure Python Implementation)\n",
                "Here we implement the **Jacobi Eigenvalue Algorithm** to find eigenvalues and eigenvectors using only Python's standard `math` library. This is to show all the logic without relying on `numpy.linalg`."
            ]
        },
        {
            "cell_type": "code",
            "execution_count": 20,
            "metadata": {},
            "outputs": [
                {
                    "name": "stdout",
                    "output_type": "stream",
                    "text": [
                        "Pure Python Eigenvalues:\n",
                        "[0.18329415480341418, 5.389621336719716, 0.03205130329085711, 0.11461430965003448, 0.05368376661442294, 0.9460767227226865, 0.8137194618565299, 0.487399302398609]\n",
                        "\n",
                        "Pure Python Eigenvectors (First row):\n",
                        "[0.740366438326446, -0.38586239128845196, -0.11513210447135101, 0.38735165304430463, 0.19588516078063287, 0.07663268820731316, 0.29228578622585855, -0.0999825057058032]\n"
                    ]
                }
            ],
            "source": [
                "import math\n",
                "\n",
                "def get_max_off_diagonal(A):\n",
                "    n = len(A)\n",
                "    max_val = 0.0\n",
                "    p, q = 0, 1\n",
                "    for i in range(n):\n",
                "        for j in range(i + 1, n):\n",
                "            if abs(A[i][j]) > max_val:\n",
                "                max_val = abs(A[i][j])\n",
                "                p, q = i, j\n",
                "    return max_val, p, q\n",
                "\n",
                "def jacobi_eigenvalue_algorithm(A, tol=1e-10, max_iterations=1000):\n",
                "    # Make a copy of A to avoid modifying the original\n",
                "    n = len(A)\n",
                "    A_curr = [row[:] for row in A]\n",
                "    \n",
                "    # Initialize V as identity matrix\n",
                "    V = [[1.0 if i == j else 0.0 for j in range(n)] for i in range(n)]\n",
                "    \n",
                "    for _ in range(max_iterations):\n",
                "        max_val, p, q = get_max_off_diagonal(A_curr)\n",
                "        if max_val < tol:\n",
                "            break\n",
                "            \n",
                "        # Calculate rotation angle theta\n",
                "        if A_curr[p][p] == A_curr[q][q]:\n",
                "            theta = math.pi / 4\n",
                "        else:\n",
                "            theta = 0.5 * math.atan(2 * A_curr[p][q] / (A_curr[p][p] - A_curr[q][q]))\n",
                "            \n",
                "        c = math.cos(theta)\n",
                "        s = math.sin(theta)\n",
                "        \n",
                "        # Update A_curr elements\n",
                "        # We only need to update rows/cols p and q\n",
                "        app = A_curr[p][p]\n",
                "        aqq = A_curr[q][q]\n",
                "        apq = A_curr[p][q]\n",
                "        \n",
                "        A_curr[p][p] = app * c**2 + aqq * s**2 + 2 * apq * c * s\n",
                "        A_curr[q][q] = app * s**2 + aqq * c**2 - 2 * apq * c * s\n",
                "        A_curr[p][q] = 0.0 \n",
                "        A_curr[q][p] = 0.0\n",
                "        \n",
                "        for i in range(n):\n",
                "            if i != p and i != q:\n",
                "                a_ip = A_curr[i][p]\n",
                "                a_iq = A_curr[i][q]\n",
                "                A_curr[i][p] = a_ip * c + a_iq * s\n",
                "                A_curr[p][i] = A_curr[i][p]\n",
                "                A_curr[i][q] = -a_ip * s + a_iq * c\n",
                "                A_curr[q][i] = A_curr[i][q]\n",
                "        \n",
                "        # Update eigenvectors V\n",
                "        for i in range(n):\n",
                "            v_ip = V[i][p]\n",
                "            v_iq = V[i][q]\n",
                "            V[i][p] = v_ip * c + v_iq * s\n",
                "            V[i][q] = -v_ip * s + v_iq * c\n",
                "            \n",
                "    eigenvalues = [A_curr[i][i] for i in range(n)]\n",
                "    return eigenvalues, V\n",
                "\n",
                "# Convert numpy cov_matrix to list of lists\n",
                "cov_matrix_list = cov_matrix.tolist()\n",
                "\n",
                "py_eigenvalues, py_eigenvectors = jacobi_eigenvalue_algorithm(cov_matrix_list)\n",
                "\n",
                "print(\"Pure Python Eigenvalues:\")\n",
                "print(py_eigenvalues)\n",
                "print(\"\\nPure Python Eigenvectors (First row):\")\n",
                "print(py_eigenvectors[0])"
            ]
        },
        {
            "cell_type": "markdown",
            "metadata": {},
            "source": [
                "## Optional : Comparsion \n",
                "Here we are just reordering the resulting eigenvalues and the eigenvectors to show that step 5 and 5.5 give the same results. "
            ]
        },
        {
            "cell_type": "code",
            "execution_count": 24,
            "metadata": {},
            "outputs": [
                {
                    "name": "stdout",
                    "output_type": "stream",
                    "text": [
                        "Jacobi Eigenvalues (sorted):\n",
                        "[5.38962134 0.94607672 0.81371946 0.4873993  0.18329415 0.11461431\n",
                        " 0.05368377 0.0320513 ]\n",
                        "\n",
                        "Jacobi Eigenvectors (sorted, first row):\n",
                        "[-0.38586239  0.07663269  0.29228579 -0.09998251  0.74036644  0.38735165\n",
                        "  0.19588516 -0.1151321 ]\n"
                    ]
                }
            ],
            "source": [
                "# Convert Jacobi results to numpy arrays\n",
                "py_eigenvalues = np.array(py_eigenvalues)\n",
                "py_eigenvectors = np.array(py_eigenvectors)\n",
                "\n",
                "# Get indices \n",
                "sorted_indices = np.argsort(py_eigenvalues)[::-1]\n",
                "\n",
                "# Reorder eigenvalues and eigenvectors\n",
                "py_eigenvalues_sorted = py_eigenvalues[sorted_indices]\n",
                "py_eigenvectors_sorted = py_eigenvectors[:, sorted_indices]\n",
                "\n",
                "print(\"Jacobi Eigenvalues (sorted):\")\n",
                "print(py_eigenvalues_sorted)\n",
                "\n",
                "print(\"\\nJacobi Eigenvectors (sorted, first row):\")\n",
                "print(py_eigenvectors_sorted[0])\n"
            ]
        },
        {
            "cell_type": "markdown",
            "metadata": {},
            "source": [
                "## Step 6: Sort Eigenvalues and Eigenvectors\n",
                "Sort components by explained variance (eigenvalues) in descending order."
            ]
        },
        {
            "cell_type": "code",
            "execution_count": 22,
            "metadata": {},
            "outputs": [
                {
                    "name": "stdout",
                    "output_type": "stream",
                    "text": [
                        "Sorted Eigenvalues:\n",
                        " [5.38962134 0.94607672 0.81371946 0.4873993  0.18329415 0.11461431\n",
                        " 0.05368377 0.0320513 ]\n",
                        "Sorted Eigenvectors:\n",
                        " [[-0.38586239  0.07663269  0.29228579  0.09998251 -0.74036644  0.38735165\n",
                        "   0.19588516  0.1151321 ]\n",
                        " [ 0.4023885   0.13842878  0.07223935 -0.21603551 -0.48261485 -0.53092548\n",
                        "  -0.27878265  0.41774679]\n",
                        " [ 0.41644435  0.12632499  0.07423622 -0.13581398 -0.30331627 -0.00699705\n",
                        "   0.08422855 -0.82916553]\n",
                        " [ 0.40183594 -0.11148007  0.23605571 -0.11971643  0.08426839  0.6667096\n",
                        "  -0.53504996  0.13477548]\n",
                        " [ 0.40157579  0.21102    -0.00089399 -0.32246785  0.13127292  0.23585961\n",
                        "   0.72202073  0.30991105]\n",
                        " [-0.2647309   0.41690206 -0.63943514 -0.49280794 -0.09773197  0.20293343\n",
                        "  -0.22891382 -0.03518826]\n",
                        " [-0.21386777  0.6904632   0.5871892  -0.10601968  0.30134385 -0.11002592\n",
                        "  -0.12501506 -0.0542884 ]\n",
                        " [-0.27786815 -0.50150064  0.30732382 -0.74328281  0.04739508 -0.12086663\n",
                        "   0.0345266  -0.07951102]]\n"
                    ]
                }
            ],
            "source": [
                "idx = np.argsort(eigenvalues)[::-1]\n",
                "sorted_eigenvalues = eigenvalues[idx]\n",
                "sorted_eigenvectors = eigenvectors[:, idx]\n",
                "\n",
                "print(\"Sorted Eigenvalues:\\n\", sorted_eigenvalues)\n",
                "print(\"Sorted Eigenvectors:\\n\", sorted_eigenvectors)"
            ]
        },
        {
            "cell_type": "markdown",
            "metadata": {},
            "source": [
                "## Step 7: Explained Variance\n",
                "Calculate the proportion of variance explained by each principal component."
            ]
        },
        {
            "cell_type": "code",
            "execution_count": 23,
            "metadata": {},
            "outputs": [
                {
                    "name": "stdout",
                    "output_type": "stream",
                    "text": [
                        "Explained Variance Ratio:\n",
                        " [0.67198404 0.11795791 0.10145546 0.06076949 0.02285332 0.01429024\n",
                        " 0.00669335 0.00399619]\n",
                        "Cumulative Explained Variance:\n",
                        " [0.67198404 0.78994195 0.8913974  0.95216689 0.97502021 0.98931046\n",
                        " 0.99600381 1.        ]\n"
                    ]
                }
            ],
            "source": [
                "total_variance = np.sum(sorted_eigenvalues)\n",
                "explained_variance_ratio = sorted_eigenvalues / total_variance\n",
                "\n",
                "print(\"Explained Variance Ratio:\\n\", explained_variance_ratio)\n",
                "print(\"Cumulative Explained Variance:\\n\", np.cumsum(explained_variance_ratio))"
            ]
        }
    ],
    "metadata": {
        "kernelspec": {
            "display_name": "Python 3",
            "language": "python",
            "name": "python3"
        },
        "language_info": {
            "codemirror_mode": {
                "name": "ipython",
                "version": 3
            },
            "file_extension": ".py",
            "mimetype": "text/x-python",
            "name": "python",
            "nbconvert_exporter": "python",
            "pygments_lexer": "ipython3",
            "version": "3.8.5"
        }
    },
    "nbformat": 4,
    "nbformat_minor": 4
}
